0 0.259375 0.05625 0.0484375 0.0625
0 0.453125 0.1125 0.06875 0.18125
0 0.221875 0.1921875 0.0390625 0.1171875
0 0.5984375 0.0671875 0.0328125 0.0796875
0 0.81875 0.06875 0.025 0.0625
0 0.525 0.1484375 0.040625 0.15
0 0.790625 0.3546875 0.059375 0.125
0 0.7625 0.5578125 0.103125 0.184375
0 0.3203125 0.3609375 0.1140625 0.153125
0 0.2625 0.5640625 0.1109375 0.1484375
0 0.8234375 0.709375 0.0421875 0.046875
0 0.815625 0.815625 0.0578125 0.15
0 0.6015625 0.7703125 0.0890625 0.1203125
0 0.4890625 0.6953125 0.009375 0.0265625
0 0.44375 0.7390625 0.05 0.0921875