0 0.8046875 0.1375 0.0296875 0.103125
0 0.6296875 0.28125 0.0375 0.1765625
0 0.55 0.1921875 0.0515625 0.2453125
0 0.4890625 0.1109375 0.028125 0.059375
0 0.3765625 0.10625 0.0359375 0.0671875
0 0.35 0.2859375 0.040625 0.1484375
0 0.784375 0.4625 0.0453125 0.0984375
0 0.740625 0.63125 0.0890625 0.1328125
0 0.2625 0.559375 0.0984375 0.2078125
0 0.315625 0.69375 0.0296875 0.0375
0 0.80625 0.8125 0.059375 0.1296875
0 0.7578125 0.865625 0.0296875 0.075
0 0.6078125 0.7828125 0.0328125 0.0609375
0 0.5546875 0.8203125 0.0484375 0.153125
0 0.46875 0.83125 0.0671875 0.0921875