0 0.759375 0.1328125 0.0421875 0.16875
0 0.6859375 0.509375 0.1703125 0.0640625
0 0.5234375 0.41875 0.0328125 0.1125
0 0.8296875 0.628125 0.040625 0.603125
0 0.74375 0.6765625 0.0921875 0.1671875
0 0.28125 0.1609375 0.0859375 0.15625
0 0.2875 0.828125 0.0859375 0.146875
0 0.4296875 0.953125 0.4515625 0.0421875
0 0.6015625 0.6078125 0.025 0.03125
0 0.3015625 0.6765625 0.0296875 0.0375
0 0.26875 0.5171875 0.0171875 0.028125
0 0.3703125 0.4796875 0.0171875 0.025
0 0.421875 0.434375 0.021875 0.034375
0 0.378125 0.15625 0.0234375 0.028125
0 0.4265625 0.0734375 0.0234375 0.025