0 0.7109375 0.128125 0.125 0.1453125
0 0.578125 0.1796875 0.08125 0.165625
0 0.2796875 0.209375 0.125 0.1453125
0 0.4671875 0.6421875 0.0625 0.1203125
0 0.7328125 0.415625 0.0890625 0.1125
0 0.353125 0.8109375 0.0859375 0.18125
0 0.228125 0.875 0.0609375 0.128125
0 0.6171875 0.453125 0.08125 0.146875
0 0.7 0.7984375 0.096875 0.159375
0 0.5828125 0.846875 0.05 0.153125
0 0.4625 0.428125 0.0703125 0.1734375
0 0.23125 0.46875 0.0625 0.1046875
0 0.35 0.5953125 0.125 0.0546875
0 0.353125 0.68125 0.115625 0.046875
0 0.4671875 0.759375 0.096875 0.040625
0 0.415625 0.9359375 0.134375 0.0328125
0 0.45 0.84375 0.0375 0.0171875